$ANSIBLE_VAULT;1.1;AES256
65653634623562343461346433623662343431393863343234333464666266346362383063356638
3934386364313332363536346332623433383131373933360a623064323737343636343663373964
63623966613136636233663263363262616330363366653731613836393563303064396566336337
6364643334643435330a303536323239643537386634316265633364306633313635653030346164
36656264316633366137616363333564313964386431303066303963373432346232353732313936
33353265396139333463303239616434393638356130326465323634346137383537363466333061
64633830653234343666306435353835656133306639363561633936623639333861633763323137
35613966386532646139633864343863383366613764323931666532363831306432343464383230
61383163383263336435306566306462663636313664326431663966626266626462363664336538
32393666663530323732393062393333366663396130643835353735323966313337306462326330
39323562343530323136346465623932363237313436363861616137383764343631363764613831
32303965316434343731633264306631333533336637343261656337623762336632376231633335
3862
